7755
2446
218
3099
657
1239
646
1193
7750
3137
7733
3103
7721
3140
1219
1208
215
211
3089
3100
7747
2430
617
213
7557
2926
7730
214
7657
12270
3097
1229
14241
651
3101
3094
7537
7183
1103
7193
204
7134
83
3573
7118
198
637
636
12074
7545
5437
6992
3008
6653
634
847
217
11211
2197
11890
220
653
7546
1234
645
45
596
11949
205
88
13297
3416
3411
2403
619
3419
17
2384
12171
3540
557
13461
7089
87
1192
7220
1075
192
12107
12650
635
12038
7194
1088
3414
595
200
559
7699
174
11875
13054
1074
1185
151
7604
2404
9703
1823
12682
12109
283
3386
1087
1615
2955
197
3384
516
12210
12105
2165
6
15066
15078
607
260
13534
3557
7293
3447
3415
1181
3364
650
176
5523
6765
3409
1183
12200
473
273
728
12683
11995
11902
7047
2401
586
1187
12698
1200
1086
3360
181
3413
2417
2988
7703
8419
7289
7111
9295
1871
1154
7707
3379
12208
9736
1554
6983
5886
163
1816
184
12209
12033
2161
1178
7065
212
11919
7093
1209
724
561
6973
1197
2151
9705
175
191
209
6702
1614
11987
3381
1915
3400
5919
6937
466
3437
12205
2979
3316
2831
1095
8935
287
1886
590
1649
1128
11988
3268
7091
9282
2826
464
7075
11689
11044
6971
8860
8167
6689
50
2330
774
1072
3261
3467
1767
6979
8406
6233
3860
2776
6977
3399
3398
2928
692
1191
4769
1913
3513
11540
7073
3401
1557
11693
6985
11688
2781
3469
1556
751
3382
4342
3281
524
1165
15882
8586
3322
2111
984
976
4799
2134
1063
4953
15062
3288
688
3356
725
207
2600
1925
1852
3253
3445
1207
7074
103
3295
3433
1541
1558
12106
3321
1552
2623
1808
3293
2558
3266
1385
6888
1948
18
2154
6686
280
3319
11913
79
2
80
3290
173
8040
3359
13532
1526
8524
552
3294
1069
6963
3427
7953
1148
9519
1189
244
5367
3310
11928
983
15494
11903
177
11698
960
2611
3239
694
10939
6763
3502
3302
2760
8153
12455
5753
1920
82
3265
1381
5977
2215
364
12039
15666
3338
555
3237
6761
427
5756
3405
1936
2015
78
3284
43
8545
3340
1715
3470
11312
11889
945
6719
3358
1473
3392
11909
5340
3291
15046
3257
1857
955
8402
1116
11950
3397
179
4680
138
24
3259
122
5522
73
961
1259
16678
8423
172
3277
5107
3240
3287
1602
12167
3264
221
11883
194
3203
6182
10602
12453
41
10644
3461
558
1519
3269
3504
11281
8069
11019
2589
1821
16235
157
972
5931
1366
540
171
186
3314
3305
3435
1629
438
327
1377
10388
159
1843
100
8056
294
3443
1135
3198
5682
156
4601
1934
1753
11892
3313
1146
1800
8818
3275
710
44
11886
6890
1065
12454
10595
2895
146
2018
3286
1535
3204
378
1018
4768
1472
534
1427
3282
4256
149
4193
3202
3258
2580
533
3285
1636
5534
4316
12437
2556
3211
585
1651
10650
4136
4841
10356
1555
144
1337
311
1353
1542
698
1575
1488
615
5037
12460
4197
1836
357
3255
1512
3256
3289
3963
1426
267
3165
6068
190
3262
3229
2026
137
714
2574
1017
3197
5135
7479
3185
3209
3235
932
2727
11927
1503
3192
1471
10
1397
120
1457
3189
954
246
12172
129
374
727
1606
94
14834
3296
352
3732
254
1379
1369
953
25
13
2925
1020
1373
155
193
114
959
7908
131
1573
76
1137
14
1813
3177
3962
362
4171
6717
10475
4665
240
4713
3188
3200
4944
3840
241
1495
4143
1514
10518
1625
3247
1624
3208
1412
30
3227
4135
4027
346
326
1375
4138
368
403
4026
4
1202
2513
1424
342
23
10465
4191
12653
894
1339
1306
1343
164
4142
924
4089
1900
10474
908
365
1302
1383
2296
115
1305
1404
152
1361
396
4087
4497
3826
310
1282
68
6581
67
70
93
4728
3948
3164
1505
5676
5042
117
1274
136
1500
145
143
3917
1362
1394
4137
704
4091
1
3
1487
1371
1367
2110
3902
1650
3213
1665
1604
14832
1474
92
1258
4423
1290
1499
1409
161
1442
1637
3167
1491
3214
228
3168
12
947
3215
